274.199 37.582 268.340 230.297 70.943 233.614 329.601 300.487 37.776 18.195
170.326 173.050 251.751 164.907 160.552 118.981 230.762 297.513 359.218 358.235
339.522 170.463 10.521 296.978 353.054 350.387 109.520 263.168 337.680 7.701
195.570 227.497 96.467 359.539 34.146 119.293 114.193 126.334 190.402 319.538
319.631 128.239 254.133 206.540 285.131 33.630 163.031 94.001 247.756 170.791
184.426 5.271 49.996 3.293 22.643 34.547 212.750 125.045 338.248 35.257
347.447 293.182 10.197 122.983 210.037 160.172 331.814 261.907 48.499 154.166
151.384 4.284 352.040 341.421 284.968 262.142 254.595 14.280 192.373 40.762
186.174 189.246 289.198 141.440 342.752 291.167 233.762 77.368 66.276 130.955
326.833 113.742 34.437 27.075 132.988 302.917 186.546 267.779 67.926 162.091
224.403 279.769 119.737 357.601 276.312 185.166 250.946 309.040 121.476 249.830
0.592 64.314 145.528 273.014 75.896 206.400 31.920 129.349 174.779 346.784
237.558 269.622 300.343 357.480 76.570 287.004 215.961 232.490 175.438 135.226
139.888 173.637 143.193 241.260 13.214 211.478 71.344 228.518 22.377 139.910
100.679 24.577 294.386 178.643 48.031 286.573 244.936 133.856 217.149 36.259
130.938 334.686 116.432 82.155 351.720 77.154 265.291 144.661 223.283 22.987
241.838 25.229 124.071 58.207 142.800 61.746 291.546 92.641 10.233 69.655
113.292 248.094 14.052 123.846 176.107 287.244 293.824 10.738 328.349 205.377
129.123 22.519 166.778 225.374 44.658 9.197 164.816 61.787 86.205 359.814
48.093 123.686 134.899 285.270 72.229 27.385 289.377 183.789 248.657 71.239
135.016 345.140 138.954 98.529 46.571 121.684 316.632 101.725 263.478 110.532
223.527 59.733 284.052 138.825 257.392 120.929 208.639 347.080 358.870 95.942
228.207 123.571 119.091 340.811 305.727 150.992 159.199 304.855 104.654 262.321
237.804 34.710 158.801 176.938 200.209 113.882 317.509 68.583 352.690 309.358
166.027 281.610 233.410 156.323 139.316 145.668 6.734 301.648 219.449 23.109
270.937 285.017 98.066 2.477 328.948 62.651 342.005 269.937 256.069 175.308
145.311 338.554 197.642 220.035 267.637 208.076 301.299 228.433 50.407 221.268
77.012 215.365 234.825 253.675 38.287 159.809 143.752 90.268 111.142 56.573
104.397 94.877 261.540 189.242 285.232 282.745 107.705 104.004 146.499 349.345
141.469 341.584 233.297 338.442 38.898 162.285 223.300 14.091 74.766 64.742
